units: m
far_plane: 50
near_plane: 0.1
scale_default: 1
rotate_default: 90 0 0
shift_default: 0 0 0
light_pos: -10 -10 10
background_color: #7777AA
columns: x y z rx ry rz scale file color
0.000 0.000 0.000 0.000 0.000 0.000 100 unit-plane-xy.obj DarkGreen
72.624 81.733 0.000 0.000 0.000 -114.237 1.268 tree2.obj #003700
76.802 55.816 0.000 0.000 0.000 -146.170 0.942 tree2.obj #001D00
20.603 55.888 0.000 0.000 0.000 11.767 1.133 tree2.obj #9F2B28
90.603 44.218 0.000 0.000 0.000 -130.453 1.495 tree2.obj #005100
97.755 27.370 0.000 0.000 0.000 -125.299 1.492 tree2.obj #4E4813
29.191 46.731 0.000 0.000 0.000 -156.247 1.188 tree2.obj #001200
63.266 46.951 0.000 0.000 0.000 16.802 0.797 tree2.obj #004C00
98.215 3.037 0.000 0.000 0.000 169.058 0.881 tree2.obj #514714
86.237 99.535 0.000 0.000 0.000 -77.750 0.619 tree2.obj #215808
67.718 31.459 0.000 0.000 0.000 58.622 0.957 tree2.obj #611818
81.691 84.805 0.000 0.000 0.000 -78.742 1.120 tree2.obj #140505
99.190 3.263 0.000 0.000 0.000 -117.152 1.235 tree2.obj #003E00
69.994 52.628 0.000 0.000 0.000 101.374 1.395 tree2.obj #005300
93.402 68.762 0.000 0.000 0.000 118.749 1.144 tree2.obj #006300
54.682 8.111 0.000 0.000 0.000 6.708 1.152 tree2.obj #000A00
18.712 45.333 0.000 0.000 0.000 -82.474 1.218 tree2.obj #853422
29.717 98.854 0.000 0.000 0.000 8.348 1.041 tree2.obj #574516
64.270 76.296 0.000 0.000 0.000 -120.059 1.309 tree2.obj #005D00
3.039 38.100 0.000 0.000 0.000 73.801 1.023 tree2.obj #001C00
34.314 95.746 0.000 0.000 0.000 -115.420 0.723 tree2.obj #3D0F0F
50.513 71.597 0.000 0.000 0.000 -69.496 1.130 tree2.obj #005C00
11.896 27.345 0.000 0.000 0.000 156.052 1.400 tree2.obj #000E00
90.710 79.477 0.000 0.000 0.000 141.490 1.110 tree2.obj #000E00
33.716 45.721 0.000 0.000 0.000 -63.940 1.070 tree2.obj #A42A29
14.683 22.131 0.000 0.000 0.000 50.062 1.350 tree2.obj #300C0C
41.007 71.873 0.000 0.000 0.000 -165.089 1.489 tree2.obj #763A1E
61.983 48.797 0.000 0.000 0.000 -2.367 1.032 tree2.obj #531515
19.491 87.819 0.000 0.000 0.000 -124.710 1.113 tree2.obj #624119
82.542 73.540 0.000 0.000 0.000 -156.021 0.631 tree2.obj #005300
85.822 67.975 0.000 0.000 0.000 -66.646 1.070 tree2.obj #401010
62.487 21.841 0.000 0.000 0.000 89.731 1.497 tree2.obj #001A00
89.536 89.644 0.000 0.000 0.000 -123.322 1.068 tree2.obj #006100
8.658 83.858 0.000 0.000 0.000 152.025 1.013 tree2.obj #3A4F0F
17.014 64.412 0.000 0.000 0.000 -27.142 1.053 tree2.obj #001E00
82.681 21.919 0.000 0.000 0.000 156.797 0.966 tree2.obj #992626
99.997 48.137 0.000 0.000 0.000 97.113 0.651 tree2.obj #A12929
65.221 71.973 0.000 0.000 0.000 40.018 1.316 tree2.obj #A02B28
80.946 10.094 0.000 0.000 0.000 -3.406 1.463 tree2.obj #004100
72.909 71.845 0.000 0.000 0.000 79.801 1.467 tree2.obj #002000
12.553 90.518 0.000 0.000 0.000 28.647 1.475 tree2.obj #001900
18.912 47.681 0.000 0.000 0.000 132.385 1.397 tree2.obj #4B4913
54.080 32.550 0.000 0.000 0.000 -102.616 1.014 tree2.obj #9F2B28
67.104 46.840 0.000 0.000 0.000 -69.022 0.621 tree2.obj #451111
83.350 80.920 0.000 0.000 0.000 85.801 0.810 tree2.obj #8F3124
79.363 76.451 0.000 0.000 0.000 -40.501 1.059 tree2.obj #000200
93.754 29.500 0.000 0.000 0.000 144.977 1.378 tree2.obj #004100
52.279 66.339 0.000 0.000 0.000 88.089 0.765 tree2.obj #120404
33.259 28.672 0.000 0.000 0.000 3.030 1.138 tree2.obj #7C1F1F
82.061 22.252 0.000 0.000 0.000 -178.351 1.111 tree2.obj #066101
18.687 6.852 0.000 0.000 0.000 123.428 1.272 tree2.obj #9A2727
62.462 69.305 0.000 0.000 0.000 140.378 1.233 tree2.obj #3A4F0F
63.039 92.764 0.000 0.000 0.000 -26.271 0.742 tree2.obj #002C00
22.134 92.871 0.000 0.000 0.000 -146.569 1.303 tree2.obj #240909
6.652 90.010 0.000 0.000 0.000 26.318 1.147 tree2.obj #000800
67.851 9.398 0.000 0.000 0.000 -44.583 1.491 tree2.obj #000D00
14.910 10.697 0.000 0.000 0.000 179.281 1.057 tree2.obj #005600
60.987 95.304 0.000 0.000 0.000 62.990 1.287 tree2.obj #003600
49.063 14.806 0.000 0.000 0.000 -8.104 0.663 tree2.obj #001F00
67.761 56.986 0.000 0.000 0.000 90.018 1.301 tree2.obj #6D3D1B
22.540 61.818 0.000 0.000 0.000 110.789 0.650 tree2.obj #003500
0.508 36.094 0.000 0.000 0.000 -3.589 1.273 tree2.obj #5C1717
85.049 6.231 0.000 0.000 0.000 137.012 1.360 tree2.obj #004000
28.165 70.498 0.000 0.000 0.000 174.417 1.069 tree2.obj #903124
95.858 98.881 0.000 0.000 0.000 136.620 0.783 tree2.obj #001900
38.714 52.274 0.000 0.000 0.000 84.965 0.513 tree2.obj #1A0606
28.033 50.658 0.000 0.000 0.000 -116.356 1.031 tree2.obj #005E00
53.158 5.701 0.000 0.000 0.000 -126.625 1.396 tree2.obj #6A3E1B
28.055 49.608 0.000 0.000 0.000 -18.640 0.804 tree2.obj #5F1818
84.642 61.316 0.000 0.000 0.000 -58.636 1.101 tree2.obj #001D00
10.416 74.233 0.000 0.000 0.000 -64.983 0.843 tree2.obj #813620
40.188 93.339 0.000 0.000 0.000 -147.256 1.020 tree2.obj #001B00
13.070 69.965 0.000 0.000 0.000 1.087 0.827 tree2.obj #3F1010
61.541 83.057 0.000 0.000 0.000 -32.001 1.408 tree2.obj #225708
68.513 56.974 0.000 0.000 0.000 137.021 0.603 tree2.obj #003900
17.277 18.453 0.000 0.000 0.000 -113.835 1.364 tree2.obj #431111
60.911 25.075 0.000 0.000 0.000 -58.844 0.581 tree2.obj #000F00
99.711 56.869 0.000 0.000 0.000 7.007 0.564 tree2.obj #9F2C28
6.344 26.368 0.000 0.000 0.000 60.450 0.534 tree2.obj #005500
84.256 56.809 0.000 0.000 0.000 99.252 0.616 tree2.obj #1B5A07
64.599 51.637 0.000 0.000 0.000 -91.731 0.740 tree2.obj #872222
97.013 7.771 0.000 0.000 0.000 -28.069 1.229 tree2.obj #002800
51.297 15.577 0.000 0.000 0.000 163.948 0.780 tree2.obj #401010
81.365 64.252 0.000 0.000 0.000 30.243 1.294 tree2.obj #8E2424
57.539 55.286 0.000 0.000 0.000 -9.033 1.256 tree2.obj #594416
67.249 99.455 0.000 0.000 0.000 149.283 1.085 tree2.obj #6B3E1B
30.164 6.445 0.000 0.000 0.000 -71.978 1.207 tree2.obj #1A5A06
46.570 48.307 0.000 0.000 0.000 27.663 1.406 tree2.obj #454B11
21.631 7.169 0.000 0.000 0.000 -90.533 0.734 tree2.obj #006300
23.024 15.083 0.000 0.000 0.000 161.258 1.049 tree2.obj #5B4317
44.690 45.108 0.000 0.000 0.000 25.189 1.423 tree2.obj #723B1D
1.985 38.884 0.000 0.000 0.000 -179.656 1.365 tree2.obj #952F26
81.604 20.260 0.000 0.000 0.000 -177.358 1.189 tree2.obj #31520C
91.363 2.958 0.000 0.000 0.000 58.525 1.316 tree2.obj #001200
50.946 96.289 0.000 0.000 0.000 -3.671 0.885 tree2.obj #654019
99.357 1.687 0.000 0.000 0.000 75.314 1.332 tree2.obj #002800
65.352 27.833 0.000 0.000 0.000 -12.900 0.925 tree2.obj #0D0303
96.717 58.779 0.000 0.000 0.000 -99.529 1.152 tree2.obj #005300
77.220 32.417 0.000 0.000 0.000 -20.825 0.951 tree2.obj #003A00
42.043 97.493 0.000 0.000 0.000 157.459 0.683 tree2.obj #394F0E
88.600 97.289 0.000 0.000 0.000 94.986 1.110 tree2.obj #005D00
25.517 13.226 0.000 0.000 0.000 163.674 1.046 tree2.obj #000100
89.725 17.822 0.000 0.000 0.000 119.920 0.575 tree2.obj #003700
88.289 54.466 0.000 0.000 0.000 -24.361 1.115 tree2.obj #005C00
78.505 51.404 0.000 0.000 0.000 -66.732 1.492 tree2.obj #003E00
35.238 99.175 0.000 0.000 0.000 158.709 1.142 tree2.obj #002000
3.344 69.173 0.000 0.000 0.000 141.120 1.291 tree2.obj #001000
12.119 19.491 0.000 0.000 0.000 -153.478 1.284 tree2.obj #150505
49.652 58.129 0.000 0.000 0.000 97.095 0.618 tree2.obj #004300
26.166 31.036 0.000 0.000 0.000 6.135 1.225 tree2.obj #A12929
24.214 78.408 0.000 0.000 0.000 18.733 0.966 tree2.obj #056201
13.306 61.250 0.000 0.000 0.000 92.254 1.406 tree2.obj #005700
55.929 65.562 0.000 0.000 0.000 34.745 1.390 tree2.obj #005A00
34.103 2.331 0.000 0.000 0.000 44.669 0.668 tree2.obj #003F00
9.729 87.791 0.000 0.000 0.000 -102.245 0.822 tree2.obj #320C0C
71.087 89.214 0.000 0.000 0.000 -24.286 0.926 tree2.obj #8D2323
65.126 25.531 0.000 0.000 0.000 59.716 0.661 tree2.obj #145C05
26.483 47.401 0.000 0.000 0.000 -51.098 1.216 tree2.obj #005C00
19.590 88.758 0.000 0.000 0.000 172.793 1.322 tree2.obj #574516
49.158 63.782 0.000 0.000 0.000 57.494 1.016 tree2.obj #001D00
31.971 36.897 0.000 0.000 0.000 66.715 0.573 tree2.obj #7D3720
24.453 99.542 0.000 0.000 0.000 134.693 0.651 tree2.obj #002800
61.051 0.182 0.000 0.000 0.000 -114.354 0.923 tree2.obj #003500
98.343 96.179 0.000 0.000 0.000 92.711 0.896 tree2.obj #001A00
15.714 77.226 0.000 0.000 0.000 -57.577 0.721 tree2.obj #003D00
9.128 19.091 0.000 0.000 0.000 -166.177 0.685 tree2.obj #002300
6.250 11.006 0.000 0.000 0.000 161.496 1.296 tree2.obj #1C5A07
73.280 10.192 0.000 0.000 0.000 86.127 1.274 tree2.obj #004A00
83.983 64.267 0.000 0.000 0.000 3.290 1.236 tree2.obj #000A00
57.297 24.163 0.000 0.000 0.000 -34.974 1.369 tree2.obj #7F3720
83.719 85.958 0.000 0.000 0.000 -159.810 1.326 tree2.obj #003F00
44.737 90.713 0.000 0.000 0.000 146.344 1.027 tree2.obj #77391E
80.317 46.024 0.000 0.000 0.000 -158.781 0.864 tree2.obj #6B3E1B
34.048 77.814 0.000 0.000 0.000 172.250 0.750 tree2.obj #761E1E
42.689 64.717 0.000 0.000 0.000 11.172 0.933 tree2.obj #240909
99.901 60.893 0.000 0.000 0.000 -152.511 1.040 tree2.obj #000100
8.970 62.384 0.000 0.000 0.000 146.749 0.559 tree2.obj #002800
99.065 87.316 0.000 0.000 0.000 98.709 0.730 tree2.obj #2B0B0B
53.954 13.764 0.000 0.000 0.000 -84.107 1.054 tree2.obj #200808
0.200 55.747 0.000 0.000 0.000 134.313 0.885 tree2.obj #000800
67.219 37.924 0.000 0.000 0.000 55.093 1.128 tree2.obj #004B00
86.617 32.503 0.000 0.000 0.000 -3.900 1.310 tree2.obj #2F0C0C
78.663 51.996 0.000 0.000 0.000 -19.384 1.185 tree2.obj #863422
82.964 54.120 0.000 0.000 0.000 -137.463 1.065 tree2.obj #000C00
52.251 16.291 0.000 0.000 0.000 -105.073 0.621 tree2.obj #4B1313
63.419 55.323 0.000 0.000 0.000 -149.239 0.888 tree2.obj #004000
31.461 24.995 0.000 0.000 0.000 -14.083 1.270 tree2.obj #36500D
80.063 46.013 0.000 0.000 0.000 12.851 0.617 tree2.obj #105E04
92.160 33.740 0.000 0.000 0.000 30.151 1.480 tree2.obj #001200
19.225 15.026 0.000 0.000 0.000 162.429 0.896 tree2.obj #0C0303
66.134 20.529 0.000 0.000 0.000 -22.315 0.936 tree2.obj #741D1D
53.490 50.997 0.000 0.000 0.000 98.715 0.963 tree2.obj #1A0606
77.325 48.234 0.000 0.000 0.000 135.747 0.693 tree2.obj #001100
10.121 43.866 0.000 0.000 0.000 -102.207 0.696 tree2.obj #2E0B0B
11.941 85.963 0.000 0.000 0.000 -95.502 0.975 tree2.obj #30530C
56.238 70.219 0.000 0.000 0.000 -112.384 0.760 tree2.obj #003100
64.067 1.551 0.000 0.000 0.000 -6.502 0.746 tree2.obj #962F26
56.944 45.796 0.000 0.000 0.000 142.776 1.002 tree2.obj #5C4317
99.341 12.234 0.000 0.000 0.000 179.431 1.121 tree2.obj #004D00
12.050 28.321 0.000 0.000 0.000 99.503 0.740 tree2.obj #631919
63.061 79.928 0.000 0.000 0.000 -126.887 0.714 tree2.obj #000F00
25.562 26.399 0.000 0.000 0.000 148.676 0.634 tree2.obj #003000
1.299 44.577 0.000 0.000 0.000 -167.825 1.161 tree2.obj #6F3C1C
29.432 83.975 0.000 0.000 0.000 -135.769 1.292 tree2.obj #992E27
82.321 53.052 0.000 0.000 0.000 78.617 1.437 tree2.obj #004700
95.156 20.215 0.000 0.000 0.000 128.237 1.049 tree2.obj #554615
94.539 85.174 0.000 0.000 0.000 -25.884 0.516 tree2.obj #004000
89.612 46.690 0.000 0.000 0.000 70.543 0.839 tree2.obj #000000
84.434 35.620 0.000 0.000 0.000 -169.006 1.338 tree2.obj #002F00
55.178 30.429 0.000 0.000 0.000 57.286 0.893 tree2.obj #100404
41.875 39.097 0.000 0.000 0.000 24.578 0.587 tree2.obj #000B00
42.179 66.288 0.000 0.000 0.000 -149.418 1.213 tree2.obj #A22A29
60.053 93.200 0.000 0.000 0.000 -13.777 1.138 tree2.obj #005A00
91.256 29.910 0.000 0.000 0.000 -161.993 0.549 tree2.obj #A12929
68.051 34.267 0.000 0.000 0.000 -13.864 1.389 tree2.obj #000A00
46.672 79.926 0.000 0.000 0.000 20.207 0.700 tree2.obj #661A1A
21.690 90.904 0.000 0.000 0.000 -90.443 0.790 tree2.obj #9C2D27
51.965 86.206 0.000 0.000 0.000 5.547 0.804 tree2.obj #2C540B
94.967 27.091 0.000 0.000 0.000 -32.735 0.724 tree2.obj #581616
49.698 32.748 0.000 0.000 0.000 60.588 0.500 tree2.obj #003400
18.802 26.145 0.000 0.000 0.000 74.795 0.532 tree2.obj #691A1A
61.545 58.889 0.000 0.000 0.000 -15.530 0.862 tree2.obj #360D0D
90.807 36.023 0.000 0.000 0.000 -77.425 0.912 tree2.obj #001A00
75.680 78.894 0.000 0.000 0.000 90.496 1.124 tree2.obj #002A00
11.939 10.254 0.000 0.000 0.000 -52.696 1.057 tree2.obj #002A00
61.362 63.722 0.000 0.000 0.000 66.819 1.266 tree2.obj #260909
57.056 81.621 0.000 0.000 0.000 20.317 1.000 tree2.obj #972E26
86.446 23.963 0.000 0.000 0.000 -78.865 0.554 tree2.obj #003200
37.749 59.275 0.000 0.000 0.000 135.857 0.622 tree2.obj #A22929
66.346 8.099 0.000 0.000 0.000 115.628 0.926 tree2.obj #001500
53.321 99.522 0.000 0.000 0.000 -74.829 0.591 tree2.obj #005700
15.925 48.054 0.000 0.000 0.000 -84.861 0.924 tree2.obj #000400
6.380 15.230 0.000 0.000 0.000 -99.878 0.549 tree2.obj #7F2020
98.525 3.634 0.000 0.000 0.000 102.437 0.901 tree2.obj #4B1313
33.208 3.406 0.000 0.000 0.000 109.789 0.573 tree2.obj #731D1D
51.723 57.343 0.000 0.000 0.000 -8.949 0.584 tree2.obj #001800
85.922 22.430 0.000 0.000 0.000 -139.770 0.547 tree2.obj #9A2D27
11.627 15.730 0.000 0.000 0.000 53.096 1.284 tree2.obj #6B3E1B
77.552 83.290 0.000 0.000 0.000 73.906 0.612 tree2.obj #004900
75.481 24.030 0.000 0.000 0.000 153.579 0.508 tree2.obj #215808
17.520 12.362 0.000 0.000 0.000 -99.922 0.919 tree2.obj #A12B29
17.972 57.797 0.000 0.000 0.000 -48.590 1.250 tree2.obj #6A3E1B
72.906 82.950 0.000 0.000 0.000 -54.691 1.397 tree2.obj #000F00
22.869 40.069 0.000 0.000 0.000 -82.956 1.385 tree2.obj #140505
4.459 28.002 0.000 0.000 0.000 24.532 0.755 tree2.obj #7B381F
48.457 35.692 0.000 0.000 0.000 149.934 1.057 tree2.obj #001600
60.746 41.599 0.000 0.000 0.000 -6.104 1.362 tree2.obj #002F00
79.427 19.280 0.000 0.000 0.000 10.909 1.149 tree2.obj #002A00
10.221 13.491 0.000 0.000 0.000 -37.038 1.042 tree2.obj #004500
52.509 75.576 0.000 0.000 0.000 36.856 0.949 tree2.obj #000000
37.498 72.046 0.000 0.000 0.000 112.277 1.249 tree2.obj #683F1A
45.686 8.532 0.000 0.000 0.000 -8.011 0.822 tree2.obj #0A0202
58.531 4.019 0.000 0.000 0.000 151.756 1.430 tree2.obj #1A0606
77.800 34.627 0.000 0.000 0.000 -104.485 0.722 tree2.obj #330D0D
69.994 70.716 0.000 0.000 0.000 150.515 0.825 tree2.obj #77391E
46.411 54.459 0.000 0.000 0.000 -140.217 1.172 tree2.obj #005500
83.794 42.316 0.000 0.000 0.000 -48.270 1.325 tree2.obj #9E2C28
90.579 40.959 0.000 0.000 0.000 -96.342 1.329 tree2.obj #005E00
81.551 58.128 0.000 0.000 0.000 126.680 0.722 tree2.obj #6B3E1B
75.148 23.430 0.000 0.000 0.000 -62.224 0.544 tree2.obj #0F5E03
92.361 58.456 0.000 0.000 0.000 116.704 0.769 tree2.obj #0D5F03
99.176 5.206 0.000 0.000 0.000 -130.588 0.827 tree2.obj #564515
54.949 16.031 0.000 0.000 0.000 -126.186 1.280 tree2.obj #733B1D
96.597 44.323 0.000 0.000 0.000 88.824 0.975 tree2.obj #000700
43.003 92.347 0.000 0.000 0.000 -165.977 1.023 tree2.obj #4B1313
5.509 64.061 0.000 0.000 0.000 -129.555 0.620 tree2.obj #003C00
30.781 99.904 0.000 0.000 0.000 -124.458 0.921 tree2.obj #004300
86.531 45.474 0.000 0.000 0.000 48.503 0.907 tree2.obj #001100
66.677 9.439 0.000 0.000 0.000 21.534 1.060 tree2.obj #000900
99.266 68.887 0.000 0.000 0.000 47.599 0.571 tree2.obj #000900
5.150 88.243 0.000 0.000 0.000 108.616 0.786 tree2.obj #005E00
70.075 33.743 0.000 0.000 0.000 -55.191 0.703 tree2.obj #9B2727
81.591 93.998 0.000 0.000 0.000 -87.567 1.307 tree2.obj #003F00
51.898 18.430 0.000 0.000 0.000 25.498 1.457 tree2.obj #005D00
51.020 38.468 0.000 0.000 0.000 -124.694 1.195 tree2.obj #003F00
37.729 52.093 0.000 0.000 0.000 35.734 1.026 tree2.obj #882222
38.343 29.079 0.000 0.000 0.000 -103.933 0.915 tree2.obj #002800
83.215 79.042 0.000 0.000 0.000 -21.450 0.963 tree2.obj #A12929
72.870 40.479 0.000 0.000 0.000 121.576 0.852 tree2.obj #002B00
53.583 42.499 0.000 0.000 0.000 -47.828 1.208 tree2.obj #004300
7.422 33.477 0.000 0.000 0.000 32.061 0.790 tree2.obj #001800
91.624 77.647 0.000 0.000 0.000 -1.136 0.850 tree2.obj #003600
65.207 82.350 0.000 0.000 0.000 134.202 1.275 tree2.obj #001B00
23.678 83.890 0.000 0.000 0.000 61.927 1.388 tree2.obj #000700
55.785 45.106 0.000 0.000 0.000 -167.795 1.281 tree2.obj #255609
74.282 72.112 0.000 0.000 0.000 1.990 0.552 tree2.obj #006300
58.861 6.261 0.000 0.000 0.000 -69.563 1.132 tree2.obj #27560A
18.279 4.118 0.000 0.000 0.000 0.418 1.036 tree2.obj #100404
88.381 65.432 0.000 0.000 0.000 104.422 1.119 tree2.obj #115D04
23.615 60.951 0.000 0.000 0.000 40.486 1.061 tree2.obj #000A00
64.133 78.168 0.000 0.000 0.000 -88.067 0.677 tree2.obj #30520C
93.303 4.535 0.000 0.000 0.000 -46.859 1.433 tree2.obj #28550A
54.618 53.416 0.000 0.000 0.000 17.530 0.674 tree2.obj #180606
25.718 1.702 0.000 0.000 0.000 1.815 0.853 tree2.obj #250909
16.689 7.489 0.000 0.000 0.000 -105.091 1.135 tree2.obj #165B05
72.604 26.197 0.000 0.000 0.000 54.906 1.122 tree2.obj #654019
55.856 56.767 0.000 0.000 0.000 -156.059 0.873 tree2.obj #001900
61.465 71.673 0.000 0.000 0.000 -6.019 0.939 tree2.obj #8F3124
96.619 92.428 0.000 0.000 0.000 -23.679 0.959 tree2.obj #5B1717
68.537 99.241 0.000 0.000 0.000 167.201 0.953 tree2.obj #621919
70.320 68.009 0.000 0.000 0.000 167.440 0.864 tree2.obj #703C1C
62.645 5.914 0.000 0.000 0.000 140.397 1.219 tree2.obj #6A1B1B
64.186 65.618 0.000 0.000 0.000 177.055 0.956 tree2.obj #1D5907
93.232 32.082 0.000 0.000 0.000 151.654 0.989 tree2.obj #002100
10.800 79.097 0.000 0.000 0.000 159.863 1.365 tree2.obj #822121
90.661 7.438 0.000 0.000 0.000 60.017 0.773 tree2.obj #1C0707
16.864 92.633 0.000 0.000 0.000 -142.056 0.983 tree2.obj #6B3E1B
78.366 29.254 0.000 0.000 0.000 -24.996 1.396 tree2.obj #000E00
40.175 87.089 0.000 0.000 0.000 -107.029 0.548 tree2.obj #903124
23.029 11.791 0.000 0.000 0.000 140.651 0.787 tree2.obj #002400
56.632 21.977 0.000 0.000 0.000 -16.710 1.359 tree2.obj #6C3E1B
67.201 48.296 0.000 0.000 0.000 118.768 0.557 tree2.obj #026200
72.502 48.084 0.000 0.000 0.000 -121.222 1.083 tree2.obj #581616
16.256 2.094 0.000 0.000 0.000 -9.002 0.509 tree2.obj #001900
44.796 46.606 0.000 0.000 0.000 114.238 1.022 tree2.obj #4C4913
7.499 95.953 0.000 0.000 0.000 176.980 0.949 tree2.obj #000900
96.896 24.374 0.000 0.000 0.000 163.308 0.919 tree2.obj #001B00
90.631 96.125 0.000 0.000 0.000 167.107 0.612 tree2.obj #001200
15.523 87.389 0.000 0.000 0.000 -4.399 0.991 tree2.obj #721D1D
40.349 89.000 0.000 0.000 0.000 102.777 0.510 tree2.obj #421010
60.184 93.636 0.000 0.000 0.000 143.894 1.120 tree2.obj #001200
90.902 37.592 0.000 0.000 0.000 171.036 1.021 tree2.obj #002100
16.828 65.166 0.000 0.000 0.000 -79.502 0.784 tree2.obj #0A0202
9.333 63.223 0.000 0.000 0.000 29.447 1.447 tree2.obj #5E4218
78.401 32.211 0.000 0.000 0.000 31.199 0.756 tree2.obj #004900
31.498 9.531 0.000 0.000 0.000 -68.887 0.565 tree2.obj #6F1C1C
69.399 56.746 0.000 0.000 0.000 -179.311 0.780 tree2.obj #006300
42.609 48.344 0.000 0.000 0.000 26.448 1.220 tree2.obj #7A381F
0.808 14.349 0.000 0.000 0.000 -5.280 0.865 tree2.obj #002D00
33.412 16.102 0.000 0.000 0.000 97.825 0.535 tree2.obj #120404
49.362 91.137 0.000 0.000 0.000 83.591 1.458 tree2.obj #863422
87.286 64.194 0.000 0.000 0.000 -123.829 0.612 tree2.obj #003100
71.598 94.709 0.000 0.000 0.000 -165.593 0.958 tree2.obj #6D3D1B
10.542 92.491 0.000 0.000 0.000 21.160 1.082 tree2.obj #511414
2.002 82.241 0.000 0.000 0.000 -71.517 1.061 tree2.obj #0E5E03
13.731 52.786 0.000 0.000 0.000 162.535 1.161 tree2.obj #003300
46.740 34.029 0.000 0.000 0.000 -56.121 0.522 tree2.obj #000500
51.606 62.997 0.000 0.000 0.000 165.749 0.576 tree2.obj #8B2323
31.075 29.609 0.000 0.000 0.000 66.842 1.496 tree2.obj #001D00
31.468 7.336 0.000 0.000 0.000 159.627 1.437 tree2.obj #000100
38.751 53.033 0.000 0.000 0.000 -52.508 1.431 tree2.obj #001200
23.693 12.585 0.000 0.000 0.000 -74.571 1.206 tree2.obj #8E3124
15.108 97.968 0.000 0.000 0.000 114.264 0.927 tree2.obj #1A0606
26.554 40.150 0.000 0.000 0.000 -157.655 1.234 tree2.obj #001D00
81.765 42.287 0.000 0.000 0.000 48.489 1.027 tree2.obj #001300
95.317 1.173 0.000 0.000 0.000 -73.087 1.186 tree2.obj #005500
53.977 24.247 0.000 0.000 0.000 139.746 1.402 tree2.obj #160505
39.638 69.047 0.000 0.000 0.000 -81.090 0.896 tree2.obj #002200
6.350 26.708 0.000 0.000 0.000 59.916 1.083 tree2.obj #040101
65.994 22.119 0.000 0.000 0.000 -139.339 1.287 tree2.obj #002300
54.623 16.842 0.000 0.000 0.000 63.883 1.440 tree2.obj #004100
61.221 96.160 0.000 0.000 0.000 137.040 1.492 tree2.obj #544615
18.480 78.713 0.000 0.000 0.000 172.525 1.258 tree2.obj #A12B28
62.791 35.370 0.000 0.000 0.000 78.841 0.726 tree2.obj #000B00
5.140 79.612 0.000 0.000 0.000 -15.134 1.340 tree2.obj #006000
17.269 71.199 0.000 0.000 0.000 -101.603 0.705 tree2.obj #001E00
82.881 26.076 0.000 0.000 0.000 -149.792 1.314 tree2.obj #4D1313
77.350 96.329 0.000 0.000 0.000 117.988 1.422 tree2.obj #2A550A
67.444 74.700 0.000 0.000 0.000 -83.849 0.533 tree2.obj #6F3C1C
49.086 73.630 0.000 0.000 0.000 -27.169 1.006 tree2.obj #330D0D
68.155 70.393 0.000 0.000 0.000 -57.851 0.575 tree2.obj #005100
10.726 59.715 0.000 0.000 0.000 6.308 0.684 tree2.obj #005700
86.924 12.558 0.000 0.000 0.000 -149.194 0.585 tree2.obj #461212
98.809 22.493 0.000 0.000 0.000 105.505 0.776 tree2.obj #180606
94.392 82.559 0.000 0.000 0.000 50.863 0.710 tree2.obj #002600
56.646 4.367 0.000 0.000 0.000 -3.105 1.081 tree2.obj #002700
63.615 9.349 0.000 0.000 0.000 80.560 1.263 tree2.obj #004000
52.713 21.909 0.000 0.000 0.000 -122.874 0.579 tree2.obj #9C2727
91.812 27.533 0.000 0.000 0.000 -175.646 0.876 tree2.obj #005300
94.106 36.395 0.000 0.000 0.000 -53.414 1.464 tree2.obj #000B00
35.178 91.184 0.000 0.000 0.000 72.141 0.988 tree2.obj #6E1C1C
35.010 2.153 0.000 0.000 0.000 17.876 0.706 tree2.obj #723B1D
25.019 24.118 0.000 0.000 0.000 -144.358 0.685 tree2.obj #424C11
18.292 27.901 0.000 0.000 0.000 125.402 0.683 tree2.obj #2C540B
46.897 43.308 0.000 0.000 0.000 133.901 0.646 tree2.obj #005600
1.603 31.650 0.000 0.000 0.000 -173.845 0.914 tree2.obj #004900
77.622 92.364 0.000 0.000 0.000 -16.001 1.151 tree2.obj #000900
53.964 84.231 0.000 0.000 0.000 -103.923 1.168 tree2.obj #001300
6.117 1.506 0.000 0.000 0.000 -48.778 1.237 tree2.obj #8C3223
9.236 5.922 0.000 0.000 0.000 -109.041 1.435 tree2.obj #004300
79.903 40.298 0.000 0.000 0.000 12.494 0.999 tree2.obj #010000
40.978 22.581 0.000 0.000 0.000 124.586 1.213 tree2.obj #002200
22.966 12.901 0.000 0.000 0.000 166.822 0.809 tree2.obj #004C00
7.584 73.532 0.000 0.000 0.000 89.886 0.872 tree2.obj #1F5808
73.363 55.441 0.000 0.000 0.000 5.826 0.936 tree2.obj #952626
4.518 39.911 0.000 0.000 0.000 39.106 1.487 tree2.obj #000600
80.595 12.691 0.000 0.000 0.000 162.884 0.946 tree2.obj #001A00
38.452 76.971 0.000 0.000 0.000 163.549 0.901 tree2.obj #0A6002
35.383 8.573 0.000 0.000 0.000 152.600 1.370 tree2.obj #8A3323
34.696 62.806 0.000 0.000 0.000 62.454 1.457 tree2.obj #005900
94.266 70.909 0.000 0.000 0.000 24.732 0.981 tree2.obj #843521
75.596 51.083 0.000 0.000 0.000 169.454 0.806 tree2.obj #003C00
80.956 24.997 0.000 0.000 0.000 119.854 1.375 tree2.obj #001E00
26.745 71.251 0.000 0.000 0.000 -32.457 1.289 tree2.obj #004700
55.384 68.482 0.000 0.000 0.000 -125.846 0.515 tree2.obj #2C540B
15.792 90.306 0.000 0.000 0.000 -40.837 1.479 tree2.obj #260909
18.297 88.184 0.000 0.000 0.000 23.569 0.567 tree2.obj #003E00
56.492 94.880 0.000 0.000 0.000 -23.951 0.718 tree2.obj #001700
50.206 12.429 0.000 0.000 0.000 -86.146 1.135 tree2.obj #004C00
79.187 12.117 0.000 0.000 0.000 107.443 0.722 tree2.obj #464B12
16.534 44.760 0.000 0.000 0.000 -13.383 0.561 tree2.obj #000400
54.538 91.455 0.000 0.000 0.000 30.288 0.521 tree2.obj #454B11
38.791 61.692 0.000 0.000 0.000 161.999 0.539 tree2.obj #893323
51.055 64.931 0.000 0.000 0.000 143.986 0.711 tree2.obj #2B540B
53.912 76.994 0.000 0.000 0.000 46.035 1.341 tree2.obj #036200
48.848 97.544 0.000 0.000 0.000 102.794 0.523 tree2.obj #4D1313
66.810 46.430 0.000 0.000 0.000 38.932 1.252 tree2.obj #001600
11.656 8.994 0.000 0.000 0.000 45.395 0.619 tree2.obj #812121
64.702 89.895 0.000 0.000 0.000 -16.416 1.292 tree2.obj #862222
41.625 97.969 0.000 0.000 0.000 -71.993 0.694 tree2.obj #360D0D
86.156 36.333 0.000 0.000 0.000 -176.418 1.323 tree2.obj #001300
18.148 4.881 0.000 0.000 0.000 -70.728 1.353 tree2.obj #1B0606
39.649 14.212 0.000 0.000 0.000 38.711 1.455 tree2.obj #852222
21.615 92.410 0.000 0.000 0.000 72.653 0.897 tree2.obj #004F00
56.199 43.572 0.000 0.000 0.000 -173.107 0.507 tree2.obj #852222
26.765 22.954 0.000 0.000 0.000 -28.858 1.233 tree2.obj #773A1E
29.386 22.579 0.000 0.000 0.000 172.571 1.129 tree2.obj #003500
46.272 49.506 0.000 0.000 0.000 -24.791 0.624 tree2.obj #003500
16.371 84.141 0.000 0.000 0.000 -7.481 1.406 tree2.obj #005200
12.292 19.265 0.000 0.000 0.000 -32.746 0.899 tree2.obj #005800
73.941 61.814 0.000 0.000 0.000 71.003 1.007 tree2.obj #330D0D
17.339 78.391 0.000 0.000 0.000 -173.897 1.126 tree2.obj #3F4D10
19.635 18.248 0.000 0.000 0.000 -166.860 1.253 tree2.obj #005100
23.496 71.866 0.000 0.000 0.000 -94.904 0.616 tree2.obj #3E4E0F
76.528 47.498 0.000 0.000 0.000 117.198 1.146 tree2.obj #78391E
30.178 60.311 0.000 0.000 0.000 152.893 0.784 tree2.obj #003B00
70.804 81.218 0.000 0.000 0.000 114.706 1.438 tree2.obj #046201
25.961 80.201 0.000 0.000 0.000 -4.881 1.102 tree2.obj #494A12
26.612 49.657 0.000 0.000 0.000 -159.533 1.381 tree2.obj #474B12
51.806 24.579 0.000 0.000 0.000 -96.461 0.738 tree2.obj #000500
40.077 58.645 0.000 0.000 0.000 9.079 0.869 tree2.obj #2F0B0B
8.732 10.340 0.000 0.000 0.000 -56.311 0.877 tree2.obj #3F1010
50.229 25.893 0.000 0.000 0.000 -71.646 1.295 tree2.obj #002B00
68.158 44.230 0.000 0.000 0.000 170.665 1.070 tree2.obj #731D1D
0.158 62.150 0.000 0.000 0.000 121.933 1.214 tree2.obj #350D0D
92.623 80.561 0.000 0.000 0.000 74.388 1.099 tree2.obj #511414
77.602 22.360 0.000 0.000 0.000 -121.284 1.265 tree2.obj #903124
24.028 24.341 0.000 0.000 0.000 -112.420 1.416 tree2.obj #001F00
18.994 39.757 0.000 0.000 0.000 130.909 0.911 tree2.obj #170606
85.246 21.401 0.000 0.000 0.000 126.785 0.702 tree2.obj #003600
90.716 49.748 0.000 0.000 0.000 108.789 0.728 tree2.obj #110404
15.882 8.701 0.000 0.000 0.000 -94.052 1.000 human3.obj #C76367
13.394 66.454 0.000 0.000 0.000 28.171 1.000 human3.obj #FF8F0F
52.150 48.168 0.000 0.000 0.000 -58.038 1.000 human3.obj #551590
96.618 66.071 0.000 0.000 0.000 117.840 1.000 human3.obj #1204E7
22.894 66.714 0.000 0.000 0.000 -66.336 1.000 human3.obj #F0A7B0
32.335 87.714 0.000 0.000 0.000 -90.163 1.000 human3.obj #A28700
79.187 15.297 0.000 0.000 0.000 -10.729 1.000 human3.obj #4F3CEE
53.082 6.999 0.000 0.000 0.000 -79.917 1.000 human3.obj #854979
28.162 93.741 0.000 0.000 0.000 171.199 1.000 human3.obj #0019CB
50.090 79.265 0.000 0.000 0.000 139.387 1.000 human3.obj #BC6742
71.708 14.379 0.000 0.000 0.000 -161.894 1.000 human3.obj #B66448
54.874 49.618 0.000 0.000 0.000 -152.251 1.000 human3.obj #0005F4
82.709 48.444 0.000 0.000 0.000 -136.562 1.000 human3.obj #D67528
57.190 1.620 0.000 0.000 0.000 44.583 1.000 human3.obj #FFB190
61.207 86.855 0.000 0.000 0.000 -79.632 1.000 human3.obj #AA8800
64.411 30.405 0.000 0.000 0.000 35.600 1.000 human3.obj #A48700
33.863 90.329 0.000 0.000 0.000 119.657 1.000 human3.obj #6F3D8F
42.763 0.031 0.000 0.000 0.000 -44.049 1.000 human3.obj #4411A6
96.946 83.775 0.000 0.000 0.000 -17.420 1.000 human3.obj #005E43
73.743 19.990 0.000 0.000 0.000 -143.458 1.000 human3.obj #198614
47.612 34.087 0.000 0.000 0.000 157.928 1.000 human3.obj #2F670C
39.256 25.909 0.000 0.000 0.000 -105.109 1.000 human3.obj #108000
48.226 89.889 0.000 0.000 0.000 13.194 1.000 human3.obj #FF9D42
43.173 8.731 0.000 0.000 0.000 116.186 1.000 human3.obj #D67C82
71.259 11.995 0.000 0.000 0.000 78.851 1.000 human3.obj #FFA76C
11.595 91.505 0.000 0.000 0.000 130.965 1.000 human3.obj #F1840D
71.312 11.451 0.000 0.000 0.000 22.855 1.000 human3.obj #4634F0
78.040 1.503 0.000 0.000 0.000 -134.931 1.000 human3.obj #751D67
53.827 63.776 0.000 0.000 0.000 179.193 1.000 human3.obj #4B933C
83.745 3.706 0.000 0.000 0.000 -68.878 1.000 human3.obj #761E65
90.978 94.998 0.000 0.000 0.000 52.024 1.000 human3.obj #00398B
4.864 36.039 0.000 0.000 0.000 -89.692 1.000 human3.obj #A38700
2.304 1.930 0.000 0.000 0.000 -105.570 1.000 human3.obj #6F1C6E
53.851 88.859 0.000 0.000 0.000 -140.459 1.000 human3.obj #621880
72.534 53.051 0.000 0.000 0.000 49.541 1.000 human3.obj #721D6A
10.053 44.387 0.000 0.000 0.000 -121.577 1.000 human3.obj #6A8500
19.998 30.100 0.000 0.000 0.000 -67.658 1.000 human3.obj #A62B29
31.653 37.621 0.000 0.000 0.000 -151.158 1.000 human3.obj #DE8990
75.123 28.965 0.000 0.000 0.000 -56.685 1.000 human3.obj #6B8500
1.392 92.820 0.000 0.000 0.000 48.002 1.000 human3.obj #1204E7
5.271 48.459 0.000 0.000 0.000 -128.014 1.000 human3.obj #F58104
30.360 49.213 0.000 0.000 0.000 -142.566 1.000 human3.obj #047D01
75.260 72.905 0.000 0.000 0.000 26.787 1.000 human3.obj #0008EE
59.093 22.412 0.000 0.000 0.000 157.056 1.000 human3.obj #A1292E
12.289 41.259 0.000 0.000 0.000 0.918 1.000 human3.obj #3F5E10
46.204 33.170 0.000 0.000 0.000 -56.249 1.000 human3.obj #5C32A2
0.030 70.037 0.000 0.000 0.000 178.295 1.000 human3.obj #00417D
29.012 52.614 0.000 0.000 0.000 -130.144 1.000 human3.obj #FFA256
29.224 3.216 0.000 0.000 0.000 17.901 1.000 human3.obj #604D18
23.606 46.296 0.000 0.000 0.000 19.348 1.000 human3.obj #A1292E
