units: m
0.000 15.3152 1.074544 2
0.100 15.56149 1.184621 2
0.200 15.74825 1.305623 2
0.300 15.88731 1.423623 2
0.400 15.98971 1.531608 2
0.500 16.06459 1.62671 2
0.700 16.15896 1.777363 2
0.900 16.20959 1.882376 2
1.200 16.249 1.978662 2
1.800 16.80382 2.281335 2
1.900 17.16092 2.568332 2
2.000 17.40094 2.852077 2
2.100 17.5491 3.11253 2
2.200 17.62343 3.342486 2
2.300 17.63443 3.539714 2
2.400 17.58575 3.70099 2
2.500 17.4765 3.814279 2
2.600 17.26494 3.937956 2
2.700 16.7347 4.279064 2
2.800 16.25318 4.676281 2
2.900 15.83978 5.04424 2
3.000 15.45284 5.365975 2
3.100 15.05811 5.634976 2
3.200 14.46992 6.354989 2
3.300 14.13507 7.02633 2
3.400 13.98821 7.624068 2
3.500 13.99761 8.149998 2
3.600 14.15343 8.608293 2
3.700 14.25052 9.029229 2
3.800 14.28989 9.375748 2
3.900 14.28032 9.659408 2
4.000 14.22413 9.888635 2
4.100 14.11859 10.06571 2
4.200 13.959 10.18093 2
4.300 13.77646 10.5291 2
4.400 13.79614 10.88991 2
4.500 13.74062 11.6665 2
4.600 13.58142 12.39651 2
4.700 13.58629 13.08375 2
4.800 13.66281 13.71938 2
4.900 13.81837 14.25355 2
5.000 14.06462 14.70447 2
5.100 14.40198 15.59393 2
5.200 14.57067 16.36407 2
5.300 14.59867 17.02824 2
5.400 14.49684 17.60925 2
5.500 14.52327 18.14463 2
5.600 14.67844 18.60452 2
5.700 14.63622 19.10884 2
5.800 14.77971 19.54246 2
5.900 14.93364 20.02214 2
6.000 15.07178 20.4114 2
6.100 15.21187 20.7244 2
6.200 15.36881 20.97102 2
6.300 15.55638 21.15416 2
6.400 15.78576 21.26538 2
6.500 16.08341 21.80801 2
6.600 16.41412 22.72225 2
6.700 16.58797 23.51497 2
6.800 16.63434 24.1819 2
6.900 16.56816 24.74675 2
7.000 16.39025 25.22736 2
7.100 16.09402 25.63239 2
7.200 15.69628 26.10039 2
7.300 15.36448 26.80366 2
7.400 15.25246 27.47705 2
7.500 15.30228 28.11907 2
7.600 15.15207 28.6823 2
7.700 15.20339 29.2874 2
7.800 15.26012 30.25796 2
7.900 15.29877 31.22942 2
8.000 15.32457 32.2013 2
8.100 15.34127 33.17338 2
8.200 15.35148 34.14555 2
8.300 15.3571 35.11775 2
8.400 15.35945 36.08997 2
8.500 15.35948 37.06219 2
8.600 15.31901 37.94102 2
8.700 15.20934 38.73048 2
8.800 15.01819 39.46861 2
8.900 14.84656 40.42556 2
9.000 14.71802 41.32076 2
9.100 14.5914 42.06628 2
9.200 14.43236 42.69213 2
9.300 14.21699 43.2234 2
9.400 13.92539 43.67858 2
9.500 13.72078 44.39045 2
9.600 13.7253 45.09782 2
9.700 13.67375 45.81236 2
9.800 13.55108 46.41769 2
9.900 13.34363 46.9384 2
10.000 13.0378 47.39156 2
10.100 12.6551 48.28529 2
10.200 12.39462 49.14656 2
10.300 12.1986 49.87451 2
10.400 12.01228 50.48654 2
10.500 11.80068 51.00313 2
10.600 11.53757 51.44117 2
10.700 11.2014 51.81175 2
10.800 10.74162 52.66838 2
10.900 10.43722 53.59172 2
11.000 10.24966 54.54568 2
11.100 10.14745 55.51252 2
11.200 10.09784 56.33586 2
11.300 10.06614 57.00339 2
11.400 10.03203 57.54493 2
11.500 9.982867 57.98516 2
11.600 9.908674 58.3436 2
11.700 9.799462 58.63412 2
11.800 9.643868 58.863 2
11.900 9.430259 59.0244 2
12.000 8.988696 59.51407 2
12.100 8.661983 59.96651 2
12.200 8.400444 60.36169 2
12.300 8.166371 60.69656 2
12.400 7.930312 60.97295 2
12.500 7.667997 61.19063 2
12.600 7.258092 61.49555 2
12.700 6.889425 61.97364 2
12.800 6.692577 62.41862 2
12.900 6.627518 62.80683 2
13.000 6.671538 63.13059 2
13.100 6.815768 63.38161 2
13.200 6.834227 63.84293 2
13.300 6.986443 64.0551 2
13.400 7.071246 64.53172 2
13.500 7.252454 65.48691 2
13.600 7.441483 66.44057 2
13.700 7.641522 67.37701 2
13.800 7.873832 68.2523 2
13.900 8.110481 69.19527 2
14.000 8.328264 70.01641 2
14.100 8.542037 70.68173 2
14.200 8.773597 71.2187 2
14.300 9.041615 71.64774 2
14.400 9.363928 71.98053 2
14.500 9.667765 72.35647 2
14.600 9.896157 72.67603 2
14.700 10.0732 72.94157 2
14.800 10.21648 73.15826 2
14.900 10.33937 73.33166 2
15.000 10.4526 73.46622 2
15.100 10.56523 73.56416 2
15.200 10.68459 73.62335 2
15.300 10.81365 73.63441 2
15.400 11.52235 74.08074 2
15.500 12.18126 74.79562 2
15.600 12.60816 75.51185 2
15.700 12.83004 76.16501 2
15.800 12.88 76.76048 2
15.900 12.77067 77.30817 2
16.000 12.79091 77.82529 2
16.100 12.94001 78.25979 2
16.200 13.218 78.60961 2
16.300 13.32406 79.15438 2
16.400 13.33561 79.94897 2
16.500 13.36851 80.92064 2
16.600 13.37298 81.77673 2
16.700 13.31578 82.51692 2
16.800 13.17864 83.17558 2
16.900 13.13615 83.76713 2
17.000 13.17925 84.25137 2
17.100 13.30107 84.64371 2
17.200 13.50416 84.95114 2
17.300 13.60869 85.52092 2
17.400 13.80978 85.78944 2
17.500 13.99823 86.20431 2
17.600 14.06181 86.57425 2
17.700 14.01059 86.89541 2
17.800 13.84326 87.15549 2
17.900 13.86697 87.59135 2
18.000 13.95939 88.20822 2
18.100 14.10884 88.71233 2
18.200 14.14608 89.16145 2
18.300 14.07466 89.54463 2
18.400 14.12934 89.89159 2
18.500 14.30972 90.16776 2
18.600 14.34101 90.45554 2
18.700 14.21511 90.70972 2
18.800 14.25043 91.03319 2
18.900 14.20398 91.62725 2
19.000 14.03697 92.15444 2
19.100 14.03132 92.83708 2
19.200 14.06014 93.80888 2
19.300 14.09708 94.64211 2
19.400 14.12084 95.31767 2
19.500 14.12133 95.86766 2
19.600 14.09161 96.31795 2
19.700 14.02496 96.68888 2
19.800 13.91312 96.99502 2
19.900 13.7455 97.24339 2
20.000 13.44069 98.1666 2
20.100 13.37047 99.13628 2
20.200 13.53009 100.0953 2
20.300 13.92757 100.9826 2
20.400 14.59819 101.6865 2
20.500 15.53913 101.9311 2
